Cp=0.5*10^8;
m=0.3;
Ko=8.2;
Kd=0.9*10^3;
Tu=0.06;
Fb=80;
Upm=300;
Um=10;
%%%
Kf
Ku
Kv
Kx
