Cp=0.5*10^8;
Cp0_5=0.5*Cp;
Cp2=2*Cp;
%m0_5=0.15;
m=0.3;
%m1_5=0.45;
%m1_25=0.375;

Ko=8.2;
Kd=0.9*10^3;
Tu=0.06/1000;
Tu2=Tu*2;
Tu4=Tu*4;
Tu6=Tu*6;
Fb=80;
Upm=300;
Um=10;
%%%
Kf=10/1241.36775223426;
Ku=Upm/Um;
Kv=10/0.435953306352870;
Kx=10/4.91961381962118e-05;
%%%%
