a0 = 3;
a1 = 6;
a2 = 1;
b0 = 5;
b1 = 1;